2015020981 甲 90 89 99 88 79
2015020986 戌 97 87 97 60 79
2015020970 鹏 97 88 77 80 79
2015020983 丙 92 89 70 88 79
2015020984 丁 93 84 96 36 77
2015020982 乙 61 88 99 84 70
2015020985 戊 94 81 94 82 75
2015020989 三 93 89 99 88 50
2015020994 八 91 88 49 84 70
2015020987 一 99 89 99 88 60
2015020988 二 91 58 69 84 70
2015020969 将 94 51 94 82 75
2015020960 孙 91 88 99 84 99
2015020990 四 93 84 96 86 77
2015020995 九 92 50 99 88 79
2015020992 六 97 87 97 80 79
2015020993 七 90 69 99 88 79
2015020997 张 74 81 54 82 75
2015020996 十 63 84 96 86 77
2015020965 郑 90 88 99 88 79
2015020998 王 97 87 100 80 79
2015020999 李 40 89 99 88 79
2015020963 刘 94 89 94 82 75
2015020961 赵 92 89 99 88 79
2015020962 岳 93 84 96 86 100
2015020966 林 51 88 99 84 70
2015020964 宋 97 87 47 80 79
2015020968 宗 93 84 96 86 57
2015020967 任 92 89 99 70 79
2015020991 五 94 81 44 82 75

